$ANSIBLE_VAULT;1.1;AES256
34653666393465323236323762333534656664616661303132313530613063313832363832356536
3730386230303662653835326162396464303565333261360a633463373837623539613236343834
34386136386234363434626330303965626364653231356331626662656234316165623032303239
6565393139393035620a376133346337383134346638336666633764343564656632663065636261
34356430333764633264386165323163633332376435636434656331653737613837336430386133
63366639653566323164336636616561383363326231323264396337643739643862623361333362
62393234396561343562396565336330643761613039643065376265636636306230316435663464
38303138343236313863623830643461663131626639363465316466626461363937643961663931
34646266393364333131313033626666343931633532333134343362386630343662636236366233
31396563396239336365343531316462386339343837306234623531656535653836613864643336
653639346633393939643763616336666264
