$ANSIBLE_VAULT;1.1;AES256
64663035633434323937363663343266613861383466363435303135313935383734626466666464
3331656265363331623862623038323732323738386565620a393837646238613664623830633163
36333134646434353563326231373637383231626663653638376636663331613234363036616662
3163623932363864640a386632306139343439313061656531623431303932366135643331643434
39326638323966646664366235343733376664323164313862316534633263393461333734383735
39663234313961306539343032626332643566616235366164373063356335313161643530623934
62343335653739323363643833373838636462356638396138393831613836613038356135653138
38346464356539333361316535353662636335363032336332626335383737616530646337663538
38313865363366316130383836303134626265613632653864643835613233353436336465313135
38613233663661643634303830343533393237663261356566663037656630636433303531373033
61653230643162333461353430303434616131646161636532356437386434613033653830303639
37646464303136653834653762636434396365616534616537613031363165363231616434663166
30323930383030613632386536343831626564656335386634343864613930346437623534376235
36653730353837363363633736386535623137313831663138663464363462633866303334376137
65376438383762323033363336643430343032373963303437353264376637323261646132353062
36626337366532393538346639363539336333623563323430303232633865313936633166316464
64626532656633326438343638396561656133653064376437623838323931376334383230666236
39313636303438363532636536303462383938623232343436633532653037613935623937333365
63363664646164396236623233306436623539353137316637646563663730663133326264623433
65653530636462383863356565663365363531303336396136656632636330353335633534363739
34343736346134616464626131333861333834656430646631393866663737376663373338323461
36313363613239356164323731323037636439386234313761666332623866626330393938353732
31643561386563646165383363383639376665373039323039396638666162393435323065326131
30306132636639623436393564336365633737363338613035316666343731393434343630313862
30373438316562633766353734346539633363633066383964633663336362343063633063323162
39653039613134613038336539323132336366643537636361643961326663323037633036613434
36646334373036616539303237316530643330343761313432663135333064323163303431313965
65666464363262363834353164383632366331656661613064356664633965343039363734386132
62633937653135636661356461623739613834653535363236363639396564353536393466623661
38653334626334373065333461343538663662303137393631663862343738396238366139316330
37336561326661346138656231393065336361363133373735643330303230313864393535313664
62623037323763336639363836346635636530616235386431346339316666366135316134633030
39373263656630373836356439326562356466343233353232393162323438633730666138623632
39303866383062633666623838666566336337393066353865326339376263303335653937666561
31353734333332613565316630323034633733393635623762303462313631626166333330373730
39356437396263366432633738633639353638376164363433376365333362643738656230633432
33346434623032623166656633373733643737656561653732663239343630363764626661373161
65396134663430626233663532346433313333343365383538656136323237353031353036386165
34306531376464656531336135323364316139353133393963326533623235333433636437653464
38373731383130316238323232633361323362663236363563616639623766353939363461656138
66396566376561373638653564656533376339383465356134323063303032303833363163646466
62306663323032393936333232393963623933376336396436396339643034333335376163666334
63613833636237656237373566623434666130386235626366656331306162386365316135653833
31643231383561333631353463366363333135333434393834646236306537666133356164396164
35316461323766613234616464383038616532386661653438333230373632613936303038623562
63613332663130393835623964353339666534336230326330353436353330303238386631643031
30633833383663666166373662663137396435373736653031336362346466613366363261343762
34356664336264316438643035363563366163313539653136613730646564393539353235343736
35336637653137653932316337623435363263633630313937333630653263363364653466323930
31643935333337303639353032346232313238336461653163623535383766343830336636633734
34353332663461363336386163316136613636666563396335663864386132616433343234343364
61613666623533383835343563346534363139393065656661653662623035636535363461353862
39616538643634623765336136303062623832613635643830646337613937393065343739636638
32383762333932343738613538613830336133613837653161663062386432306534626532396161
37343135306133343561326638326361333538643834363439356533633934656635346635313864
35316233303365636261393239316434313738636531323965326437623032386264613234393330
34653666303935313432396136663432393638386331346263323163333236616266366334643632
61643137376538303065613662376238626432383937323864396433613533646363346232656462
37353238643237666431323763323066656336376539373337373736376633613239663362663466
65333261643565363566323063393030656634323434626133636630616533353434356335623436
64643466303534663337393635366664383138353564353462646664373664636632633237323864
37393332343139326636333138626461353634313466323236336236386330303266366438343966
31323763653062333533386538623132313234396536653864616533386339663831623435323961
63393739383065393538356164663262626339363562333638363231373537396265633233306662
34663633616165383334353062646334626336346331383364343232376639626337663535333438
65393237306539666137326265656231326161623932323734376262653562336332623933346164
663862663932356234663434323565663730
