$ANSIBLE_VAULT;1.1;AES256
31353638353232636532646665303338356337343639386133616265633531356230373264616537
6634396439643163393431663164323937333338663733350a366631336330353362393862373965
65306566383664383732313130373931626534623963636238353861343861393364643831653462
3032656335386465610a623436396666316563366564633664396333303335663432326237336566
36356338663235643037646336373834343364663039353366623836666266356161326635313063
33666239383131313737343433663338313162656238376465653961393438643865363461646132
31316166333266383036633130376231663161386365346135653834333866383763363031353163
38333561386438646334353834663833393535326231336534383263646530313563643064613030
35383933376566383564326661666463323530343838326331623665653835343061313764653135
63366566636233303261356132663065646335323731623030376561343662346561313137383235
33323565633966393666373238303564346263356331333563353636313139663764336136353063
66326238346339343263656661386561386264653231326338653134373730373361343839353961
61333864383133366464373132643437616232383932643535623135633564303666306666306465
30353830363630303633303535346164393539323564386462353538343834333032306632626536
37653065373462653333623665376266346564646164323032656664613739313966666232636234
64643164663637323465396431633330616331306538636237366163653534376535346533666331
34623733386431616465393465396636663836396134396134313766306430326262353763303861
35303033376261626536366564666365343862366230306130383034363136663964393234626263
33366439636435653932396161333638323165626335653062393766373365613038323237366530
38613430343930313166656238633038643761383234353233633036363961383535643034346531
65373966643763353337643864396635303237383739653339626563306461383635333935373862
31303265303738633061326333663962623239393837363530656165623439366362653834666337
65396533383039626631343737346463353735346534383435343334306331613539323165386131
64653565663439653930363236323966373035363038393864613731326330633637376361656165
61616137356563613561633761393131303361613864663732623432306163323932326462633666
36343035663534356164376236386131613662386339613539383534383164626233636461353130
33333437663365323033353336316136393262363833376165343432303465353664383833343234
63346536363064633430303066343631653763646139366631383338323137626338393231306362
64633463393366643636616561353433373165656232343331333165656339666564626235633933
63316162356465316134333339396635333633613734363235626463663633656238646131326164
37336431323339666234663631373334336638336365646663623763373930653638366237636535
64353939356662353439396131656465303664383430663861346363643038306363376265633531
39393964666636373934393139323766636334666532343661646531333162653163323764393739
36623866336134633539363630326638393661376630323230373664366262646430316532373639
39646133373730646137393865623934393730613034366334653837613731346532376134393134
36623764333134323765613139313439386436623031653364353932643830616437396335356461
36613537363661363762343561353832353534366464666331653566643838656436313363333066
33353631323337336334333666646135353464656138626562616538303164346337393066666131
32626465373730363932373539343431666532303636343065356636636361646366363165383065
63613066636130333737643937353763353935613432386237356632666565623832643530353761
63636530393839653433323864363039643834346131646262376630343064343861383636363430
30633436373036353534666366663131313637313239393535653531623231623665623537643262
65663138323731303631306332386434363163393865383262343862393931613531356530353065
64306462613164373561343633303466363730363865633662383531383363306465663931393030
39333666363432396638623864333364306663366130316265353564663164646439396232656438
31646463343661333938633434303362383231323562333731306166613538333339623137396265
37616263613865663634373134666137656135663132626339393865393830383538646233396238
61366332626564333462333961626336343965383535616365646366373532353535663131303864
31656536306331366666633662626233623265663666303530336338313732363232616139653962
61343664323932323866633831653735373032353936363838653762616236643033333839383634
64623835626664373436316238653962346432323136336664353332366539626464323838373037
39343361313064656539316238623866666634666665656134323862373130636536393233333534
65313861393637613632636665613933623461373762633730376432363630663336
