$ANSIBLE_VAULT;1.1;AES256
30396336313936336462653030346261353931343265303631303633623731626533396362353835
3661616639373133306337646232303332376538386433300a373864343865633563666139353362
62373364666637303739343561373037613435363566386537653864383762633835306532363931
3363363965306535360a346463333961366531343732663061346232623339306538323731646435
35396366643865313264343262306462613463313238333163623161656330383639663636326663
35333238363736663031653838366434383237333331323336306665396135393932356433366663
36383035333638656338373363343233363030333865653538383131356263653566303261366438
39363664326466353966356363643536373831343635363032306465616162343461643637336332
65646430393036346332663035656261383338643666643631346665633937386336656232356665
39613032373635666262303231373330636165653862656333613061643861396166386463626366
65323239383761356664666665623366386230306436666335386262613135386135323362643132
35353630363237303861613033333639613335396539656463326532396261396361636435393566
32386436383366393431643161663964346262383938333039616263616134303134663164363830
62313530366165636332623730666237363733363532303837316362313963303733643930626633
35626563386131323236626237346134376462626161626130666632313064326237346363343639
39323663623439303266643030646639353265316666613566306465386433646262366135616362
38356236393239346266636263616565353066323839656234663733366134393234613035326237
66303338616531623563646637326564356130613535373633343061343336656339363935643864
31306236373231626338623138386536656664643635666561363333663139666333623836386239
61313435396634633561333534613665373738383162663937383634623431356236616333616662
36653263333261353339613530633234306465396261613533343062333133373835306632343433
32373830336434383736613831363633393866616434363930323466393166396436666461323731
37653439353165363734303961346637303038643165616234663233336536343136656637633035
32383136373436626661323531323037613632343234633332313733313063343461623931363737
63663761666435383561346461303133316436346462613837356232303563396537313565386361
38353266356530313439613564353133373138393237373231343765383466383733666461636335
33303661353964396561323661393634643966323137643131346334353534633837316461326139
62346262386366653836346462613732636334363937353261393135383635303834393434336361
36313466396632396230353639366162326563376161313763303862633664343039666434323435
62386634386636343539353966323562623732663931333932353966666563633239353965326237
30316630646366343234336163353665386139336136643036383739393138633936323637313333
66613731623031353864353134393332303363643563663865663039623265636563613236396430
38663461666164373634386362396533626263613232383037653734316264623264303465653865
34313365653733666237356337326238663562323765393161336661333965396165363737313531
36333732663161353236653965396366316462326566353538623339653230316136366132366561
63383862356663303263336536653430313532393362333239346539636265656636653961326336
61613963306532643831313865323838313230666664363839303566666334633566333030376565
38643338393462313935646534353235353764333130386336353662366564373465346235663232
30383139363965326231356436643461626135613666393339653263373961306662393039363663
65336238346638616466656138363636393464333433356431333032363535366335353464626431
65643761653462623863333435303339663435323566643861346461396635663566356439353432
31323831623865656338306237643633646538613761326261306237353561386431333865646434
36363066306633346535653539363636313435616134633262383133633966373966356635613839
30636462363561303536663939393734313561653832373137376465616362386339366262343863
62356331383964303561653939653161363037343365333864326535643931313138346137333438
66336366386236626231313364643536323763633930633131333662323031363533653161646531
34303961383835326432366336666438336166633266326530336437663735366164303837353431
34386639336638666134646336613134343865313537396638613761663462626465303834376334
31643430356164666330613265663837333363343839306365303030303562323466336138613439
31373930316534373266643565376264376137643462396665616362353832333739383333303366
32633135303865326435396363623461316539326164346265393933353031613031616163663432
34316131633863383430613339373362373363613538343331663435343465363039393634656664
31376432663564633132626464366533313634663662326631303264343435653461366261323339
34643136343230623230666166343161306366656466306461623165333166666431383737636538
38626539393735323165643166376633396161336461306530333566306263633537663566343533
30343864343731363938383263643264313539626564623061663465393233663461616363656261
32306164386237653836373163663432393638653164346261666330336237633835306662613737
36393936323837393432376530376638623532313131336536323338306366393938653763626463
62663832383234326264336539343735333963663763343466643230663232343431613430316261
62303266306161343862336662373633613561386633313035376139636361313330383162626636
64316135393566383164366436393934353839643761633737623763643863333233393430383335
37613332326633366664663163353864616639663966386134376639613034613833313463316166
39613830616631343532613264633339323638316263363163636366363763343865333333613836
31323464303737663635663861663964666164613332306538633036363235316166316235613164
30386261393837306536383138353239383262616263393361663939656465633933383839663865
63386438653939633338343736353637643165613332656130333034313066343734656130376232
66636338303130613663353332346531343930343131383530613165626333343539383331643730
64303436646235633432356231383539336563353062646137306664396339386433656531393136
64383033323865326661373039363532303861313862663862636532373738326435633237316235
32343239323435633835613663333132613636313765333333653230386131386336646136643534
33393163306136633832633431353266626632623030613634306130343632383436303762313064
38653130646663336638343263623561343933653133393631663037353134393363613661343535
39636236353466316432393666613231346632386230363534326538636433323535316230383436
62623532316131346439643937343663633731343937383935643137316631636137366361376537
62323138396364646336383639663833343038356439653563616230383336346130393334333133
62353866373233393638613237613063383733346333653831616635653666386133626630383562
39623464336466366566323033316530633661656435303261333065313861343065386561363131
64393637633966643131326430616461316566613366663236613230366331653862663962336335
35303230366531363832376433633232383635373062336331356632383665636531633564656635
62643134383533633235663934653432353139643237373765343539646532373166316565313336
39383130356338646438353734653930303430383331663063303236396665333763383465646130
62343632393863363365666134663238613031376237633530373032613866396436383263613266
64363163366338373538376162363834333565306666346465643665383935643562636330306662
36346533323039366130666565326261373631623766363635353866383364663735346264343633
62393631303934316633636538616166366461653465666130653362313261613833633733326433
62333038636161383864623162383637383733393234303563373934376330623164616361313539
63376439623062323430643434353538323535616562623965346336373035333038636239323235
65323038666361343230313139333164383138373261643832386564373237616538326535326362
66393165613366666235343233373435653062353239363637303432396264333731323339623362
64626434316461633735356637383866626463656434646565613764323639303837363562323434
62386335363163323934623431623938303539303034393436613236333463666233366139373164
37303632316536653562656436616264633665316231363637393238646636663131346263393664
37653064353466373030303735666133383134393031616336613035373134376362636662613963
33633366636165383834393137613237623330396634343233373566316130313136656262666532
61653134313062353665316465396135663631633438326436373138613662653664343662376235
31613630316662393962653866386232666165313737643738623037313661336464643732386234
31616233306232323865666333323036323936613961313661316539366236626165613966386135
32386665653331663939366236633262396234643134343539316631346461613032633330303266
34356162633239333431373566393862626365373230396131633839643262343763646362646431
36373166623239626462636530363034316666383361366338323762383837386235336338336234
38323961306334346234363032336163613134313138316338376537303735363939323763616638
62343933316136643638653030623232343039333530626534396538393863383930383235333461
64373033373938636364313161336133636366366638626232336533326331633733353137323366
63613431383331623537343663333734613630376230393639653739653963383730356336633234
61353838396133363262306163323665396533626231656137343661653737623632666632333462
36333332623363633731383437656262386539666461366231316661376131623639383130653932
35346261336266303864333164326661386436643635383036346261303761636639306265356333
38313161653232646461646566333534376566373836356230306533663562636239333533383564
63343439373035613632393764626239393631353461356133303033303164306663643162336337
36393766303863386464313465386230383534643031363936643264303365663338666138353965
36653964306463336437653836643932663036353835306262306364386363656463366534363766
37313938356266616364653263356234646233346436336162376238366561663364316530316237
32323039343761623464666662643735303231303965643063346461396261663361616437313830
33663765343836313031653636623464633062616663376532356135613666333366393737373762
65623837313064653863363666373331306333313563333466633431336637376364313062633164
35396437666436613139373339323230316334376639666532306331333537623066666637633931
32313261383165663334633566643861393832633435643433633237616463363238656235313863
36646362366330616466666236653463363266303530343034316433313037643063383565613630
34613564613866323862353931313435383038393165326434313438613237653432386533633738
32333735663834616361383236643430363966313133363836646339613563396330303235326338
64343565653264346430343539656263343462656131326135333533313963613139343736356465
65643335336638303331643361393631333463616138616462323938353435376663643361666238
61613538666337373235333330633263363263376638663165313539373539353632636366626534
61653832303638656231616162393765366438336634353832363536636537633132363131306363
38306636633963303161663533343263656563613138613930386462323039316439663536613335
66306438323065316630646461376461353833373639653834623535383732323433636630343430
31353465656434663065376663383533396334396333303765353361613339633036373966633538
37373933646566333862613062663364373634323437636534623033623665636130666633313231
64386437616334323866613332643236363030666661393439613634626538393835306233303433
35303032376335303761343665383063316232316531396132336436396464323930363363613832
66643335303037653365343162366631326537653063666662303365333032383639316632303931
61343136663331343037383330356236306430393463326564343933303663633830373238393064
34353736623232663134393330316131663235613235666239383436333430343566663164633264
31633064306564663230323538333330333065353531386539613966353162623831303730626131
62363134376632613464373632353833636662303463653731663734346434616438303337303563
30633462306561633535613836396533396234383735333637353538376330316435626537616632
32396664636139356566623836626565623166393030336234323561316432323662373430326233
36636636343832336334646336396638326164393465303636646637343535356162363930313331
63333239373565313762336339356538653466646662656637393837346332376330393238383735
38346365353263376262373863343062323636376130636138643837313834333664643237613638
39613761663733363239393264663733366232346237646362383265316331363532623363633562
61656234383733383264643139323435666636653663613761386565636261326163633737346137
63646464366138646230303662616539343266316564366234636263326637396334383463383261
63356631646139656365646366393364656237383334356432363166653637653035666534366633
34663765376637323162666532336433316136306561616632363463653066626638303866613834
62396436663863323438306562623962633935383930323363326630353235656337356339353033
64323133646466383137613338316566353432353166343661653833326461326135613933666561
36643332653634363534386434313930376631313964393831303764323933363536383831653063
64646365633432323130333131376139653339663865316439636334616432663464396536663833
38343661323237663733663263373230303462353837336664646338656364303737333361666264
61353337613364376139313665313165323264353835653266663730623830393266666364613439
35343964303733316564316163363039393463623434366639653932396463343834323839346232
38353838343330633565363337666133633166363563666161326338363439336530383063396461
66643734666462633735353435633638383033636262626133393935393834643464353138343432
61323064646564396234376530326665626135326561636630613734313030626533663132643737
61633131636639633234666132306137376266666566356663343734616266373330366232616164
35303633626366376637306466333238613535346138336631373465623330373733336663633935
61623830386237646164356666363266636435613538383134396537323832343761333333373139
39396165613738353931646436616333313165386537646661323631666338393632376337316164
34363939643861356361373362303335326339393461626639336463643031613865653839313634
63636164653132323535353162323163383632333466633239323866613130613266616336646633
38313139316337393161613937373730303430643861663637643862643237303533353461396239
31343330386530623539663665633734326662396336643733303330383163313432333733666135
39303737373663353137316531373134343961323634303639306332373764326465303562663133
33646436353462633838633264363339316538663939663466613862333565643663626165313839
33366334656338376163383230373764393962633566306363336461656533383764376263346532
35643930613866393261613834333636353439353338336665626464623361373732353266376464
32353763623238666163316338666663396238623735323262393932323335326531613434646662
33633931306666626663646330663737643239303162343335656464663234383330333630313364
37363762346166303137323733363364646561393434316438646133663064313635326365316166
39353562313562383533616332333739333233396435366237303764313563616262646434333637
30633365303264616331616231393735376638663335333630623365623265643664643666393439
34313330626363383537393832326339323537623535373863346338353630376366643430366436
36306439643362313964336663303533643638346339333365626532393265623136366332333236
30306237306339303335396134363136663266666663626434306338326633313837343564323133
63643461306662316131376164313335643736353933306166363966646162313638303263376561
39623937363066373234393162666232353233336131326261373735343231393163373139633134
64383439383465376237383663383532353163666134303130623963333866303830333861653066
32643766313664343836396437333864333330653136343730393436306665653366663132626662
64623239363561643132396637313730343639353762333938633336373437613132363236376238
62393537333234636263326639346335323835366466333065666239383234376135356431353437
66383065396631613966343262663062323730346366333732386532613633393864366433623564
62366562343530333362396332653336393764313364363235333939636337346338636531383630
33313064366262343437363861333465666662623436663035636636633263353661366532343230
36316332323762313962666666303331353066306362666631316435643164663162623035343836
34393766376362633062363936333161653031386530616364303231316230363036393737393034
65666631326438613564373131316432313636653831363161646332613932656365623765653939
32393239383630646561343737323637326639666464633564356130663838663134306664353164
65366433663530623331316335306637386330653732386634343635383236373736383536333137
63316664303064333034323363376638333032306135356431343237663836376430363332646332
39303437336431353135393265393964333035646639326266333434626633343837376336366565
36643362643732623361643538636633373465653766323866373431326530666135336337663861
30653666356537356465323439333632303363353563636330366263396561393732373434386538
35356163313234343630346333323134636230353535313164666563363330343332363630356335
38356433636433656665633463373565653330366339366638366331633736323162343439656363
65373662373632303333363064643738306335633562373435386565373535633331626231633535
39623330363230623133633538643262643635363463303631333735653663623766653830626236
30333439623666393965613465383431396232653464613731656362353364333138346531666131
34343330303434356337396334383162643138653630383638366436303965313638636666303030
65303761383830353961316563393166366538376663346466663861663834633963336362633334
64323731363361306137366165323464383735386230656165633337306139656262633734636365
33623865303637646166616131303635393966306361653866363663353831313938323535303532
39383239663636623637346631386139633730343438306466646432373464363463373734323135
37313261636465353132343931303162386465653339363439333438333266333439376233323739
61393732303364633664366436373266353166646162376634316630386237346266383436643066
33306462616333643161353336656137353936643732393235393734333836326431393030303834
37306338373639303638633865353734383835623365613362626531396235386262623066396132
36333732623435333830663730613039316665336164636562643761616463346466386536353436
37386239303039653739373761653165303139643666316561303230636263363737636333653339
34336534396238623361366536356666363037633736633436363532366663646631343438336463
30316235613665613561306438313461626138623830376135653433376334346463353866343837
33323564616435613566346162633233326662353462393431656134326233623835356635613064
35393034373835323833383739303666613461366137303432313633643663643232396638343536
62633965306630626430616162333636363239646364336138343263386134333165303230383236
62373338306462323936666232393439653636616638653039653533396365306561393430353533
63373334386335663336623239346562626430626534393466386238303937616638646337333932
63396236366462363035646632636564343234646632613135383961323634313530323165343733
30326533393266363938373861323466613630323832346562386161626232373934613231623265
64653638366362333862363966666233353434633832366131666533306162313238633634353632
37373930363931333231363464336437343832303039383363386139393330343962303739323764
32316161386532636432343039383137396263613361353938643762366363306665363430373561
33643734633032316138623464366261643561393236656132333432323163363037373966393664
32333830376463366465646361333936633664643730306366636264356264396663353434656332
64653264343138616564633531643133663630336565376630333730333236626433396432346265
34663165393362633730383661323437323835613433333665353731636165653130653736363838
65623364303731343938316165393932666338393564663861323962386263303232656232653634
32313536616636333234313339333136343335336537323932643334656665643436616563373930
61386331653166316163646633616537313035663661393433366533326662323231346333623961
32653163666138366265323839666231633131396339643939613365643238353037313131356337
39623637613732623136636666616531653162373838313834666534316633343739343730653039
32376635376163643265303162666461363630626264613739323631376164396139666531303632
63316161396639383233643837303331363934646431353730616464616266656432386534643035
35323634373462316431333462313664373230366638356666656462633337396131336337653566
34383831666539336564323862663833316163373736633534666331646238323663313531623435
32666163623465383264636661356537363164376437623165633735343230313963393461313661
37323532303362636637306635393938616533353235636136383237663134623433326339363435
39616262353239623266616231306435363363386439643561383966376432396633336161613837
39666561653530626463666662303331633438373166383865346333646234363162643132356134
30393065373038663938306432623832663130616438346334626161653236393164636266346665
65636464663439633834393736303839313862396638663434313134336334663966663932373564
61353239363231616436653362323330366462303161373064623766346138356336376561303437
32633731396666663835366430303037333839643162646266376366306363646236383831396262
66376663363332306661663466333562613030633964626635616464313063373034653133383062
61333637343638353462313665323565393761383435316336303831373831353265393062643566
33303039663662393362323263363535653162393134613136666565316236386438386136636334
37663931643562653430343262633034313865373762633661616366343735326465316235396362
64623430626430363464663463333035366239323262366164336238323434663062663361323636
64333331316235356330623338303934336636306231323765616161643431363566313638383964
32333239633665633031353535663835623236653439313966653266623633306135663534323265
65626635356135326366336430653032373030643533366135666665386563663364313562366233
64313935316632353261616630333731313731666165653636653964393739323430393561333163
31313161626439323065303334636664303830343230613036303530613834333635343431316132
38303563343435386630313566356238633163656365313961633835623731316236323364393435
39343631653335666463303732393632656233303434353162353762363139316262353030313366
35336164373034376334313032306231356330333832396130346435303338326431376262376430
61623037643061353833613336376164363066303337356137336363376166353464656461626134
32346630356535346362633534623861663130643833666161333533616631313939636565666636
37393532363930316166663932363039326637643639383131303166616264633638616635636239
34393335343766363335656337366462663933663361633362663334323339633933626335353437
64633535636462636335643531353435303536356535633839393362313463326531626163333834
61646136383432663430333262656135626430613039643630653162623430626536633034376130
61386436386438363366353630323763643932613232353832633265363931353162373662653933
61333531383563663962323761336332336437376139653038653366663561316238613565383131
38393761633061636162656165336630663637613865316332666262636666373062663131323466
32383137386330343963623864353666616334383065653666363263663935373764393835616230
65613532373362623966646534626534323166353166386533623662323730316361333630623031
65643539346336353563653530343734646366656561353739356362396266633639633863356364
34643731666663626464356364383830363030373863333736353337383932333761323335363434
62336636363038623936666330656538303166366362646361383839376231383836653934656161
35666634313863306533633138333133343164363033313365393763636330383837653036383531
63333039313161653265326434323334663332336338613134316266643462643536376563303936
33663631633936623335356231626133313936376366333530333738663038343566663338616565
38323261626433383731623435383963373432366162343634323265636661303262633131393534
32636165386562326165636434636331393731323333656336616636643364353363613031356431
38653739653330623537666163313035616538353766393636343962373137633163623937643462
66646139303562393936643831303039613232623231393464623931643662306461346565333837
31656238646130616637316636326335363364323939643036326539316666396131613737616364
62643230313238323061363237613935373532653135613334666164363135653035613731346563
35623431353333346662316165633435643935633837626136393536333338343439356439323435
30303631363935323137373939313065326533363261323737613861643461666263613030613663
31356338383630653838333565323132366431363038663634623637303634633739343764393161
35383239346261653038623933373437333331306264383137336562326538363736353930306666
30623861383430376234656665366136316235383532666430613330656165316232316164663732
34393231636131613362336163313835346461336265616333306637313062346231366435383436
31333563663039356464343733336362626237626636343736353465633132666434303464326266
39386334656439303766376332626266653766656138353833393037396236653135383035333438
64333137613230373732623863323463336563313337626133313766376539333539313132333237
62636139623062643736326239643137663537383431373166363863353131306233353862336237
66313435353264303332623461353031633835373635613633323733313134656261623865313730
66366437396662666263306333633235643164623135363463636362373133646238383631653935
37396335666130323134353362643535343530323735393336306636373039373563303563353734
64663738353232313134363938613933613634313439386164396539393763333635386562646138
62616466306332376666653961323030303733613437323165396563343165313232343762623732
30393133333538383163323135666330303539633431363735636538333432303233326639363036
37303338366531353163306336313463646633393837313035666136636630386134356661343737
30383932643964666535363937303763383133303033363335663465393065393535373437323634
39333866343937616363303730386535343037376434376235656463653239313331303930636462
35643234636266346636666632316236653133646335366565653736636663666463643537306332
39333161386138353132656364333932366335623030653065626166643665363137323938643064
62336638626332343136316639636137623039353730643035656338343535613236623836316334
30363366333334396137373331663832353861343961333539363462643063366665646566326331
66386331303966623762333333336634613333326335373665353565393235363435633434343363
61643961653166356334356430623261666561346338333136343637366331643363366530376631
61646539626430326631333736636638633730393263646339613931303332623765636463613638
61623233343632626335663438363138653163616433623330643839363665616133366236343834
63646535396137356363386333303038373066633937386662386433646161613862313631626432
65653465386630393638303434356134616464653434373637366262613563313331393134613932
62373338393961366337663937303366346334623937646366613931336664356639633363653865
37666436633762363234663138336264653637656564363265656237666362393661666463333931
65366564633730666463643736643539396361623962313163303762613731316634316239653464
32616135386366663030613535326666323732343635366165626432333665303763616264613032
62626561336133393532356330356266376430303430366334343536666561386562323461323965
63383935376630616462303931663230316631623636343335306435323461623962376633643261
64623634333566343039326534303831643132343436323961323138373663303437366564316636
33386233383236366465316136356130313135623266633733613533656466353435643733646361
39353834373461643038616436313966393434393331663331623462653832323239326533363464
37323932376339663638373432653437326430303239336332653231356363396638383534633235
66346235326465653136326263666661643839396263636330333037316532393462346264353032
39663865336530326432303737356631613163616365316336366130656532646461393438333463
35316136643564353561626539653538636366353063636534613436343632376338623864373665
65643232366262613136346130313666656262613531373735363939616366356461386433376237
30626261396566303535373038376233663138363832633563373261303066333334303736336538
66316663383537383164646564623266383663313763343165353065613362303630333236383562
32373361643861336461323432616565353130626561663763643430313062316564623235633562
31613064336534313437323664383966653435643339643465663762306462663334386439373136
30646532366264653637383835333466303761383137616135356631373661643933393538333638
30616337633766333565663536666136383764383836656430363839633238303735323330336436
36356164376539636430343666656465646363623131393130393937383733353733396539333531
34346362333462623962646533336230313639343931346666346566633064393761613830346631
34653261393431616230323966376263346464623030386333633765643234613937616430623462
36646334356238343765306433666565313433666636616633373761306339663237636239653934
64356532373861393138666133323132303539613438623936616230376531303334623564366535
35636565376339663834653539343639613562623266646464343930363630653831313632663136
31613564373063366239636564653966386131653336396138623866643236333037353734343030
61646635646564396538373431363336656536323233376166633337353864623166613264323435
66666132363139396463393832613634663037396466393436306436653637613865336430663863
32336635366333353535373831653539613161643035363232346335373936386131396366343832
61636437653038393266383730396136656364313861633066363838633765333463613435373931
38616161623266383663626265376230653566643062326132373661336238353030386561353530
64346262646162666338623738393231326364383930613061333332616635316634346332356166
63306434313835376637626235373836633465393763323438656638636433363235383064643962
66373838663166303135326537653138646534363564356535343033323532376139653035653731
61646431313266613266383961396230643962383561656132373465323961623562376536636236
35363065656434386130336630366233646338323134316362393361376663306134336436613261
30386433626235643233656463396336633261613164643766396637623535366661303132616366
30363365656431633833383463306334623237373037643335646339336236633861623961323235
36396438366537333833633536376533303566366330663438356232666238313636303661313965
65393239356630656338623634323061346464343136653335636637626331326561666236313965
63343139653361383638363664636539636337663135343135313832633231356333313138636265
35373835386430663862363239613631666565636464313762623231646566346333633933353833
36653664396162313734383664653634373663613161303837323839363338366534633230306661
33316563323833396535396334353938363130353037383764633264383532323166373133306334
66316365363165366363386236376132373437353364633833663938306230386337353639313230
36366633653038666435363839363830346538366536396361393764333266366230356338616533
32653965333437646162346236383139366263343262653062623430373563346534346430646366
34306264313261613862323462323836663237663234376565393739366130393661623564333665
62303030356665663165346235356162303239343832303639336336613537383561663734313663
61313763643763333937653162643264316237623034326461326138353336376630363435613338
30353531353734396332643837323064626466653963373066343339323635303635343664616662
65356437393363366134666539363466336536393436653536373233653639623466343033613334
64616135653137346633626135353962616137356564326530656666386465666432613730306537
63343930383533636463643261386634333663653830386335386139353565393761376336336464
38666239363163373833366364626432636232393634663337653265383539306461306237313237
63376334626362343530633335623937346631626365633662346232626536393738616637303139
38396130646535653837353838336233363439613032613163303031653530613939393966383739
61613732323335363561626161343739343865306537626434623136336438306665666139646365
66663532303631306339646639313564623765313137346638646430656462313036646135666264
35393030393862613831393466613033306633306539323531643735336263376537666166666665
65663633656366623563616531626339616139343563363938333065623237383433353630666633
30326632626562346439613133396534643636383038326431396235343361393266633635306361
61616562316633386137616264653334393366353362633066326438663931323631643935613532
38613337336362636366613232613035613639353938363362333438656264383639363239626262
35636433346266383966323936383038373133626464626662623765363134323534653237316365
65333236653562316265633963326139653033656564623932373731366432303365646537633231
65623066366437373231326664336633653865383939373530333035376330303630303730393232
35636362616233623331313331336132336161373331313137383365613262633164383566333834
36653933653833666661393463343230626430306662313962376635373535663833306533643832
66633463656130626261643765633662366161386237633037356439383438363833316265623466
39326539633739313864353564636362653464356537376534353763653430623437396332656464
66333134386663393337646338626162393032313439643636343730393635643635653036646136
64613063366233313538623366623335363732633363633637333638356532666136363565623065
65643233386461323839396331616239303238363536613132396531633236396332333765333661
35666534373336303232626565643164643230343930376563623731393466353230306566666439
33383939306639343661336232613863616238346163623761356530303863653733353732623930
33396638336338623262306333303066366233653432623264613730353639626632633737313434
63353437646432343831653331323466656563333864396365393039613061346364323134373063
39356139653432303031363836643661663266666535663735323837633066363034326565323231
65666139666639363735623963396364343033333739616639383566396639636465663261626630
34303135643730313530343035303535313339343131336633623831653331653238623937633762
34313833356661626331313866363365363435306136656231383534623962303463653139333439
30623566383431326331396133643562343936633666316534373365376537393562393161636433
31383763613665626563356539613661653636663431383630613462373337643537653963333365
62323466353038306164316531316631303234613238323734363632313532336264306662613339
37636561336332643133346234613363313536633462323661346537656139323434323862313334
39383438363537363162646365613234386230333139323233656333333664326133356537323631
39613132653932376466376136643238656637643062646139663265323563396535663032373939
63646135643362343735336337656137393534663866326266643432326264646331303464306233
30613864363236386530346162366634643331343562383732663934326436343162386331396462
34313036353039306666663766616134653462373763303733666333613464376536323337643462
63613365376533333731623136643634396537346239333732366534643964376634613963363465
33623436336133323266363335323939313763333630396636393866646136346335333435663861
65383436666361393430666633663834653135643435383235656539373766363736616366616439
39393230303834343865383932303361346636636666386530356462343866656530356465663461
63653665396362636564366461613532653161373164656535626533343032366562363831323534
66633231356531643834343933373934306163633965626137383965613335626637396332373930
37326236326536343062656665663839373939616235383231333634666235316239633761353133
33323332616630393963343436663435323566393737336561643538316261343762626661663333
62646566303232343535386233393135646230383535613935663137356566326361333435623866
31313239663335363339323132303032306363623763636332333564663832343866663232306236
37353539633164636464666135366139303265373063303535336561666139333237393130623330
64666532386332343336356638353239306533643162613031633363366639393330313961613130
63396630393437313332343364376431363837663736633966643461376431363934396531373639
38356537303061353232636361363162323134336431373436393636366132343430326439323533
39373730643234303939313238326461353065336239396564623234316265346337383033643539
36386335303435323561323237306639336331633761616331366165653931316437353035626465
38316364383465376533333432376433323163353830323433396633393765313136313338343165
38353361656666393735666138633930393466313063636336343933366531373639306630386136
39373638323135333138613562323236323530663933303932303639373664666539643930326666
35326236323531663834333663393866363764303336393535336633616633313337656562663263
63363638633331633564613938653266383431653430353061386132323136383565303865373139
61346338626336393036323437393832366435666332376535653462313166663739656661623566
32613434643266373130303934363133623737363861353237383030626330636332626436653730
62313332616132396137633935333662343265636464653037303364653333626531616238663866
38303931333935383433666430383239646363383137343064333238353236636336653833616234
33633338653532376661653736353165373032376534646530653536333639626434306135306337
66306538303432653134313638363836633536323963666439626363333061306136363935353838
39373866653664653961346262393439306365326162376532353164343233336234353361653464
64363236353865363836663261663530313861643264376366626632303037343835323036653237
34663833326464613535316333316537326134646334336438636436343032353632333736653831
64376536626330616539653064356663666464396431646131623138653130646265363735356334
61656265316535343334303736656133396162356166303733663636656161386639356264613438
34343361653430626162323039386361383064633738343831336662396564383235633061303739
37343962623934356262646232303161373431303761336164363530613031613939366162613961
32316638363564326361666133336564613562376433306332643638373138303934306231633462
62363635333063303936373237386662613931366337333434626533656134373161636336653161
34633133653838666534383438313165363831333831376633333662303736623639366633366135
37353039343637316535373638323139323532323563343463653464326365383539643032323739
34383364323663316432666166623863333464326139393963353935653237666464343562343262
30663630336264313637333131363864316363643961396563303866663338663765313462636436
62633935613132663430643333623733343664353837646131656666393531626539333637626132
33346161653961363335366130653936363434386639623166313631306263363035656664386337
31633330666534613263653663366636666433656439663262356163353065353431343234353336
38653666373634636134383863363130643034646165376163346237643735336534663561646666
65613665363266303161636637316232363030316664613466653235313236393364313030613834
31323566343166316334303763353165333665383134633634666535656561373834366633373462
35613533303631313338383331663162633466646432383563383132383836613637336163613831
37653965626537343963396366643130333335336666646464643435616364323564376466656534
39363133336563323866316139303763353666323838366431653665313366316238356362323332
38356530613635366439346361393331663135303138323236663038626233333266396565363237
61326665326162336461346265343230326432643030326566323833306634356232333930666464
31313138373232323931336233613639396230383264353661653662626636383839366462663839
38393134653237373234636663356235323836313530633030646234303932663666373134383561
37633462633866353238633339366532356565633733663830393638643865613737326261323237
30356266393263346263373732333661616664376464346261396666356164353935363032333266
32633035336665663565373236323337643637326365373138663066653738373830656337653432
37666537323138386334336433396663623430373534396261396366653064386464373066316163
30383166636137626664363234663335383266323737633234663964386236656634363336663638
66623363363139303734313635653831636438363764356461366635313536626531396631346231
65376530386265393132623932376630363831393661376337343938303337353564396431626638
61616532313366303966663862323765666336353062346235336666643736626132376134616138
31323666323061336165383435393961353062613135336330363032623332616537626530623634
61376137343861396234383634333962396535643261343735393863353333613639376331633365
39396262313532396136626230323935336530316235356566653930333835626239356265346463
38653533353436323361373163383937643233386364386166396335653164396535376535366234
36346661353037633939326639393733373339626637306461333333653530313635663339393666
39396633623261333534313262363666623031353066653738326665656561666338373236623632
33373063326661393033383632373832373536313061623732666262306439363232613934656365
65323465626438323761663639663736363531633935363133316262663562326564666162316261
35363462653530383837366434396465616662653162666164313365363435616534663434653335
32636636383539653362633431343237633931386335353061656438633338373965663064623062
65396235356538306664616263333838626433396337323764623164656438396330316235396330
62643663646563643832313135636664353038346433353737626530353533383535653561653631
39356535363563366632346263643062653564333862356538643730373533616439323234333633
37633237623430376335316635323739666633343039396265636233663066666535363331393731
62663839373261613963346165333763333736336564336636326265616332383931636263356466
31373235333262343361353663323130343565383862346133313164636136636461343934306331
35623439393135323832656161343330303033316362666139326466333964623962393636616434
34643862333236623432373032373630343461383765333766363537323735363065333439346631
33633030373166623531333761396533623530386634303832646231643365323735306633343433
39323736343536656264613836386432653433303636323639323032613337336232666234383432
34623765623738636336396139646136663066333030373935613639343836633730326563643464
35636462356461663866383436363239363438336166613136666533316533396231353136386162
38616432636464373238663861626130316465303462323837396664393963396666623233363437
39343465373263626665636130303832373863376262313364666464613739366538633435656339
63623133616137623837623461623262336363336635623535313034346266626463343638336437
64616538346636313039626464626633626137646332653634396132656465333265393836313963
35623866646666306531376434616465633932343134636664346232666532336464333438396439
65376262323262383062393762346164653761356462366566393735383561313635306433613730
33393838663137353766666631313031326138303438623866336566316234396164383032383832
31383638393738613837623439626235373137313862646431346463306232346430663231303831
63663763623438356639323739333331343965336464366633643935303835326538373835363330
62656238383264613932646436366466343337323064333361336431623665363335353565376539
38666134383235626364346534663861396533303464666633366236626162323136333230353866
39313966386334666263613665366331323138376561633736363131383137353132656264363438
38636662343132396365616434353731396366616638343664343637366537303339393230646536
65666630343138363637646534363637333461346466623364376331366236353464323830666133
39346635303065353864613865383637306238333237346633353438653466343262646331623135
38663965393865366538353365616433376338393838643339306266336239623337356435386238
30333633333461343831313864623663313761386636663235303236633539383336636333623531
34343934373132623633306239353862663536363333316339616162383763636437393332316462
32623139323536346532626230613263336131306131623762373039623661303930613366323566
35336433333561663734663835656639323633626435393539313963363835613035646263396361
36313463353538313137326532336564396230333434326566636533643434366532643035613131
32633236323930613561656337623864343733666536363532373364393335643661653338393465
35653530333331396365396439653339653139383965643766663466346337396263303430346362
37346236616535613535316339316132346237663230373564356231373763663536326664646538
64383366643133346464393564613165303332306266383266373761623661373765376563343933
38333463376536653839653838643637653534633162663332633334336661363530646439323932
38666538313865383261333531303462353930333938613234316361323361333766346431306133
35373133653664633238346230633931323735663031333731656636373761376562333731326434
66336637666330393938336338376539366237623466373730663038353935643539323131306630
66323732356531653364656235633230323162313866316564393030306334663136376234653130
63323939303934343232613734346634333738653066373430623765633432356333396239373036
61393064343930643963656330383639643365313835663531326364623530313366633162346131
34643836356134313733393233633636313332616234333938303334643734386561643737666563
31623435336631613730303063346663373338313138323963653065326266613238663037366666
30323263323633363033383734666132353263633232323932666537333665636464333837336565
64336434333437626231323331386135383338393337313663663730656533663335636330336530
65656132373339306136393761383165636635613634386330663533333035383438353936646632
66383631316139356534343763373862323037333736323766303835343737343530636665613363
38393933396337663533393633356333346662303364356366343464306131613331393737613530
37316231393836303531376538333133626363323562613636353838393534653566666636323637
36623338363230303731356334613134353435363534396630313565376566366134666432326337
30383037653465333837633632643739646335343537356361616461616362623531666636613865
39363335376665633436313962346536646165303836326131363933313366633564366638666265
64623332373138623333343462383938323663363039633161323337336436613363313438646437
32353931346132363130373264376437656132653332396662646235633962353636393839653665
39643261396665336334636530343431366139613238333664343835656662343364313964666630
31396430346432393333313230326438663762336231313736383733306131643266323538353862
37653334353466333532653438663163373830386162323834383739393734646333666131646662
66633263313765653564323530626538316332346161316630313663653965363335333764633431
61386137336430666363373465366333383734336163383035626536383163366566383964653038
63396538323465303462626632376664336462383537366339333831316139333734666664393061
37373762383830616433613862346161653233626136373237366438336363356464303131353734
32336462633635376131313532313235376630336230356530366633313532626563663634373663
63383938663539376333343832323937316364653863313732343535613232333662343038393237
30303264613639613664313437303831623234623933623238623161333565646534373363353938
36316137336466336238376234646339366135643265646463376335643234356563633734393535
61393638303933666234396633336364383165643066656566346162626166366566366563353466
36353065356235633365633632303265316431363964643030303033643033643161306466363230
39656432353062323335343565613238323631363761343465646463373363366563333835306237
30613762666331323234643332636636663830653066326338373064633535633066346134623334
34656664316137663633396466313766366361376339656230373634323061356563616638313962
33623066383163633434623138353432666666336430343165306138363464653462366532333039
36303164363631343832393730326232353064323563643931636363643063636136623663383231
37643838396561336336663935626664393133653065326664326536373763343831373337666465
66333835306533363937346164633531626331326430336639646433316436313362376462346132
64353730366562336462643931373038656134326637333434656336393939633562303337396566
38393063336133656536663031656233633163663139333463333765343337663434356632643963
30663537633738343733653163643838396535663234313635393034376537386364353961646437
64356134623830383433643765626430313061613465343138356462646437343936343839333139
63643664663131373731373265343566396635346162316264623766346631396236393434373766
30363466393831333734363439306164623764613035323538323537333936396637623961376332
32653431616361306533633765336439363439653238643533646662396363313265646337653063
65343464303939383830303435326233396435623431313763353133666664323466613935626533
61393266373937366139643961383361336631636562383131386263616536336634626238396235
61653861306438343461613163643838666266653736376361343733383738346665396564616465
31656234343032643962613030316130633434643566313764313236353665666433336263333938
61356132353132653732313137613230623733346530363636363339306666383934616563666463
38323062373937666433643062316532336266383665326135373830643965643439306237643166
64373431393566343163353735353261616165613561373963373236666634383365646134396539
32353130363537356266333165393236316636626335336132326163316263336164323535666634
36363230396334303139376165643561353836346130346138353532366561396166363566383537
32346361326539316232643032343036326338643230613237383663333761653566343762373337
37386136363737313663333032363338396662633063616137643064333835313433396666336439
66666162336236656135353339323932303963363137653663323966393035316230306461623232
36313934353964356630366339373539373661626436646238646362356538323238646537336563
30393834323437373235643839623534386264353538333437333739393161653139626535373139
62323335346536333365376264386265383733666437363833303739346266666539613465643030
39393861326332356235323362336537336633616235376132666134326266636237363161323035
62626634623663353662383463363738343064323261623266373037663766383436363331646333
31363635363737616561643734313036326535656332323735303566373036613739663831663935
62663462633161623438646231376333616634316664353063346532346562343661303866613038
63643332633733316431313038386434396433613936396338393461313635313365306236353431
37613331396233623436383261386230616631643736386565646538653539356161373661356639
36383137636561333037666334636666653031353661623263653763376266656132343938343137
31616638303335386139363133373138623034623237366131333161333063306362373435383166
34646433643239626332636630633163363966386464663963303735623938346364313938653261
34623834636431646465666364393932303437313461373036333662656463666464636636616131
36356131333238306134386334376538663337373837326461646534666562653065303739346331
36376666316530313365376332333565323561623864396236306634663934333164663764353439
65643239363033373238353639313637333737386361663964323436656666616631653430366530
34386262393333643662356362306539396633643063343335353062626636643434613636383038
35383535616264643937633566353864363364626637643631343337343439313464633936343434
30636230666235343939363038653031613839316630646332333634616239666639656130313335
32386663383931656635663336323637326633363866323231643238633066663735316439333263
63353938613566303565623263616232383138313865636331653336383433353233383861613261
66626562626261623836376530353264343135646463663662396435393437623166306263353832
34353430356663383965653537353763333664653563313564313961326436613363626265306563
35656264623238653638666133376433643562653239663863623434393432363933376332333464
31653733383634313037323766646433323733656138616162643330353731363461316461313161
61383766353530303864653465313633383835353665653339633031353766623562643666363564
37326233643964343166616638623765356539333634303030643134383866383864646439373233
39363431316331366563383338383130313331326234613436363963663162663162663834343434
64663831636135303030396135343262626230633662353330303239643261363366646662353034
31383966383730303961633731303133656437376232356533316362623535323435666634386636
33633836633436363630353263643430616331356131613061316636646464613738306663393639
37393234636432396161303033366133386465396236363761343662666362326333636332643939
34303763353664626133366536663238303736653535346431316132313964363839646333363330
33656637363161353363396461343435623631396132616661363935396165313237396231643663
65373863653962333431356334663830353739333538623237613038623830336636353263383364
37333636623365613438626135666232306661376534343261333636396563366235623862343934
39346263623036643834636661313039303564373731613137626337323366623433326636636461
63306464373461623262316133393063353438623933643230383265383263386565393435316335
38353164643362393161613430306337396566663935353135323561323936323139376436343763
37656133356130643362613937616534343639323731636634393965643962643833396565363239
34346337656636333335396163653662626538663739373930323339396564303165653334613835
66323530306535353362643236343534333465613539626264383965643165343039313962306531
62363165336661643833353262353432623765623938326161306136396533663262633165316231
65376262313931636166663438656231383937353564353437643563346337366461623432613535
64643332656561643932643936623766373938623232663636383130306537626438353034613132
63356663633263396439626466373339386632663461663333376539393262663033306336376663
63363937666339373238363564303434373830636634393030336231306539646437613662383763
66363431323738353231383466393234323264333130653833363265356436616439363638363062
62636130363663346466373839356164336364633438336261303766623836326539333264613764
65346536373464336139313362393466333637316436393133653265613031316130653334313066
66333665356265333162373865343361396536663735346637326431633266663966626464313937
35373163663238343665366139383061333536343164626361373735636433666139383339313964
35646334643564346361623430666131366234663837313136306439343037656532373539333238
35386632383661663861313630653332623862323937646336613034393530396561663566643037
34303533646133613335633039363265613137303833663535353365343839353261333161356664
39656434376261356338666439653864343737393163643737636162346439653435646666386334
36363232613532306430666131656565393461633061666661663766666132616661386631333233
61333962356432613232323939396639363262393536346363393462313736356632386663313937
32633662653061376166623539333663386630343530313234343065303965316161303339363237
66313463633434663831343664303138613930663734613366616332656433613263343731323331
34326163333135333261303433346433356264343635636639653333333963323936666532303034
61616534663930373931383532646462613162326439343737636631646431653238623464376331
39326435623036356334343436636636366437613431383730623039623339373638303234333364
63663965623636643836343835363536306238613362323562356264633438313731326638363666
66666331646466653366626134363534366365346362303334613336303630383435363937626338
39383735386161623732306632303132363365646139653664383962383761333134663039653566
63396564363532383336343238303031363039626437313366303465313737626366656261386336
63306565636166643133333235336235353864343038323665383463376461636466656566393034
39663633386139303035613461303639376239323031333637313233383535663063313865633639
38316162383637353561326566363466366432316661386566313161613736376230333837333436
38393836373838313666353665323736326665386664666131613335303763356331383732336132
33356238363364306239373432356262336464306135313231346165363839316238653066666164
32646238343635616233303366393437366261343531383761353066336661363264306335393164
30643937646538323334366632393866323338613962393532316235336237656236366438636264
37663132346435326136663138303637656539623331643231386131663562656430643861326236
34633261643631333436313636393739376136316239363533333862343761353036366339356235
63386334303163343935643063336535663238326437313038643861333766636264396262363966
30616466366365653631316636623466336232346233663639366663633631353830316165626534
31313832313361653336343130343635336638353737383964366431366365306339646434366131
39373837396265666435343738373563636138323231333237333566363035613266623336323866
66623335663261613562616132663331636465356136373636386136653438323032313264336335
61356235356364376461393263616332653866616264656566386431616463373937373462306266
39623132663236613365343834653837643537336164363666616465323739636363646563353431
33333462333732383865643736653634636632313664393839366666643662363665366433333132
31353037343964326465336261303730393039383731333737393739386538393464316164356531
32636532363231613933386636656236386334656161303735383133376530383937376365333936
34353434653232663662616233636537326535363965303631353539343136323562333966623930
30613234613366633665626265346534623138373938613661643566643364313363353363306563
31336461366561663563316565616564633633303863346664393563376664663038356365656665
31333162343661313735306664373631613864326335313139383037643637373339396638616166
32386535373837313239636163376664383865373563323333346435396665623031653634363734
31396532383639653439613362316639306534373864646235623830626632343035366662663866
64376535333239623135306464356230303636653666383636323438613862376538356233663663
65613036313930623038646261346434623761346531316131616633383962313462383432613461
64643338393061626233383033333034643166316639336539356432656535346536326562353435
30663464643237323562303433383632323730393637353766373832663664373066646163336239
65393833326364386639396464393963373562666635373065616562343162373036333532616265
36653636363533653432633763666332656535353238663635393234383130633561373832663863
65646562333130363662636238393034633534373465643431366239396238386166303239306132
65393462656665636265326264643037356165313561376432643763326132373037653866353166
65393231383462663666616637636434363338366263653430386565393235623939333063353564
34656139386134623933636538383237346164336536613461653461613461623930386630646237
31376530653362653165303366376131616235353765643732633732616266653135393932653739
31313236613335366137643665623131653633323235646438666231666337633032303436396364
62303331363235643864383333623337636265323133393464353663653337323739313737313130
66356266353365376465333932326366323535383530396366353835623633306537373239386633
64313362326435396333396261643463653165343066356231623435326465373631393638636166
35653062383261393763386430663864333837353662353562356331303466336566393565323836
31666431303565366461643930316437393639666666663938383433663935313836633739633038
63386633326336636430303436306664393265613961656239393535393161643637653465303661
32303933663062633638373339656232343033396530383266646566663939393939323865636637
38366665663665643033393036363465376463646536383161333731633966393437323434633332
62393162663635643862633366313464373362343963626263363139316130373335386334643966
61373439633464343036376363343264383038333163336634323132326363623837623735323531
32366135383031643739363339323639626266373362376333323531646437646264663234313437
63326136633734613635373532396239333661653239396135623334336633306333643032626361
61656334653861316536393138356639616362623936353233373762633434396634323864343661
38346462366238653862353861383861643866306265623138363465613361656533326363353162
61633731623631396637326366663138396330623462393430333137386666336235666563386333
38313332373836656563643165353037313936663337376263353036613063623834343839353463
61386231333636326661306530383232653538376565646238666431323761613339326236313830
63356438363638313037386465363163386538396236616363396361343938623730366235653033
66373662666564323966316533643365616336656462316130653236663339663161623465343062
62646466343930343763396637376662636366373534656561636638393630383132356664633436
39396638333332373038386431663734313331653436306135333434626530396165326164373233
65343136623962636166336664336362343136653265303364333561346466363737623736633334
66646661396663616637653530383131663731643937646238653432623561616137626532303533
66633030393237313062393163343364373162613834366638373861343333373238343439666532
38333732616262656666613232313132666664366637383638363131616235353834666530633463
39663765353064626162633437396637666332613664313034323264343731313336636534623861
65333939663864353961346130633535613236303836646163346166333136626265613035663437
38306561326432656431633963336132323765376637316162323765393065343862613938623634
65343634363938363361313731616637303765353331323534373463626637363431306365373331
33353837616437383136386435613032346434336230626230613333626630656137313162326631
33323061323135653036373063373635663736353461373839653836366366323130643532633164
39643031383962373736343466633363343736356438393763653637613033316663383435643061
31626665316134623332613363373066663139306364393437306265316538643662346365366534
61306464343838343834636336373131616338626566363835333863383935336137386634643734
64376264626137363865323435626235343433653733326134666438376264323136396233356133
65636339343161333337646461653439626134383463623634363833396235653637643535636339
32616663633466643836396135393762663536333238623437613439383034653038353862386466
62313333343263316431336163326464643232616434616536323236616464396261306666326262
61396531663030383435663366323839666630633563343063363836613563613937326139626463
63623365363066343466666439346132616135383166363962383863343063663034363732656265
36653935383130643762363966323533616533343561646431663434376261393434656434353636
38373431623139376332323364333636333762343465313661656532666338323765646337336433
61396432656331383064346366303464383839323933343165666433366161343236313665356237
62616630643762633736663539363538343735306435306231666364393635653335326439373138
66356636353438653533313364336264656437353937356162383137373836333430326263343838
31633566666536643161396464613965313839383764663935323632393862373635336361326632
30333333333161333562643661636561636132633761373662383839316531633163623135643963
62376232326430666634373731306466636136636134316161323836396132636630636263313338
36663265383939616232306664303061653962373463646237396635393463663762373963333864
39346438386666383130316665643530366161663062343363323766396236363038363864343432
31646235653936396134636666666263333534386365373737356130613137366633393336363265
65373037376363383931396637623637316461656564613564636462616362333861333137623936
64333938616634333264396636646130326632393839626330356563613631313763326663333638
65656237653838363462376438616239376463336236316534623638643238623532366333346564
34616438353732343766336331376566633639393734396564386534663234343263656662393165
39663239616334623664303438376635356263336566653131346164366433616563623164303139
32366239663934306264353263363932333834666233633662633663626463363934303061643164
33316562363666333666313761373334363061336334663534623535396231343232303035323230
37646438323466333237666163386161353334366562633239323563613933616639616463633236
39366536313031346264383266323564633337636263343336373832636133656465373062613262
33646264353466613732363030336335313731313832626130393535313736336564326435373338
33653734313733623664383032633333356432366432343734623964326235316161346437366663
32323034376361626136396163646337613530373765346438363065383664663739316637646539
31666663346466383132633438653836333939663861303266643439366137323865626165626533
36363939303263633965396632316466303633663537326163326535643230613537633065393839
37326232633331336638346536346330653238613932306136353061396234666238393562353931
36313231633961613633356663613936643032396330393065343831366437643664613834656562
33393963336338643534663764616464613565636565346161373862303163343031666137623764
36386362356161313234326530323338646465326166363165616634306566633761626330373561
30323831353734383930346264343636663636623261363637316338656432306237376338626166
62323732356663343161643432333937393133383333646561326339633733383064663961386466
37346439336138663333373538376335366365306164373030333739343966336562333835313835
37316430663039633134363738323339343564323263633563316238623963626636633766656166
31663132333935383135613463373630316237336236383066376139396461633263646530353831
39336531316139346564653831303462653430346663663061333362393235346639373563313036
30393430323138396461353163323239656135613533363839616638656362336161366130383838
32356130343531313764633034646137333632646333656434356634386364313838666562303130
65306562343861656266333531653538303936303864303738386436343830353230663863646465
64306235376634636639653236646636363639306638383534393736333038326366333238326661
32653331633237616439656131363833363931383962643861363432626533333336613731353461
33393538386137383961653439333566396633613437623766376563663532313639353737353839
30303763313231303738643734313461623062616238666663393261666336663732363532623764
31613639663661346234653732616639303935353163343461363562643634323762333130336439
30393336323132363237653732666165373138376463393330353635656134333430646164316130
64356139346165366237363039366539646561363237626163313735663364336461663233636362
39306161383033336133333738656639633362383231653834333263653634346535326331656130
31336463386164333261623566373266613630383766373636326233623763316532643438393732
36633763323962373463656564643964616361383039633430613534336666396638626361323537
30313365383162303530353761353835376264353036623733323233303662383462663636386136
30613332396162356661646365626336626238393838646464633963366431646266366664656162
33643533623866323964623464346339643633383263356662303038353235643061323933633534
38666636303865306239343835333337343636616530326634346236356534333836366133646537
34346634353030393762383861356666346338616364336437303833383239333435613164313561
65333435343565323763346435353362353730643633353161323536333166313033373062386532
37366563313638373432666132336638323364633339636234383639646635303731313964633636
39343762653063663533376565373636663662383464633165393336656236373032633330333035
32373937663134303763633061353461663033303135306135393237396236396633333635323934
61353365656538636437396234393136356165326238626436653135633538633633323030336263
33613536636264336463643730326531373165336165373131326633333861396137303562336635
64396564313433303534336465373237343762623436633964376462373136636435343636646432
65383633633631663338653539386138373131393061323834356436303136626433633635373837
64336338636236643834303730336265353131623062393337656638653530653832393730306266
61343132356633393463366437626263333639313336323961376331366532383238353762363465
62323133326165333733663539633564396364313465313037366337663939393737383038653938
36343365366162383339633132303863383530383934346536643535653262313533373733353462
34666462383631656562366266343230393536343733666535613732666164386238616562303331
36613464383435326563336266316532343665656162636630383937333034633937343266336265
36356534386662363130636365613163386438393466353232306338343336346632393631333738
61396530333466653937303432646130613036393066366334303732393965313735353733343331
30656432663233663231633231373063666262303561366230366361386164363335333165613966
39366335313466303363643236316566373061313632666563636562643631316432383666393461
63333166633235643336343934373430613466626337326364376133363665306561353030623437
34626665333961616331303735636462636635623864636130386237383863303365663730656330
38343030623034646466326431393434656366303238306561323230333864346130363432333462
35613739343836636433363261383136323163663364353063306232313435313661363437306631
66313661326461663836646236666630336563623635626432323266613661396635366531366537
62663464373135636563343862353664656535313032346665613665386535396538376139626661
31343665366461346634653965633761326331643864316663393262386364656264613464323337
37663138316635663336653564373837313363626163353435363033383165616131383530623837
34393337656236616137383136373862616339616363366662366539393939626531643438313035
32356137326632626562343537663032336536313864633361663332323133363534633435386330
31376634303533623565646636633861396134386331393463363663306236623132383466653061
61646437306232663663613761623565613434323536323836313737376639653237353437386630
37343537666363623731393662303231626261636630623534336237633039313062393936393661
37333136333731373731303935386430346261336135346638633437393734353034303938623735
35306634613861303565386138636665346262316462623461626561323332666231636534383664
39656632663635356163383738363233663831303739616430336434333531343862363132626638
30343137363831643761343839303639303666326661316136663064303136366234303837336639
32366236343738376334636239633632626337623936666232646534313165333332353138376564
35386434313831646438356332313864613363376261626364643038626432353231306235636430
30643030623064663466346165623034356436326339396534316239656566623561633862353062
30383534346562643039653839376533376230303662646362303730376434643731373938366364
62393133626236373864636561656465303332633132356565623336313833666636333533383638
39306664643937386566613038356161653734306364646362626533356135643031616338373961
38386161363735343935393436616364303137363432386564636539393838366633313432343234
38306635376338366665343361393231313730306262323830376264623839653162623835346630
33626365663432303639306164396532373561356564343939326665313763626262326539636264
35643137323663303035373863353365323132393533616539303331316663663166666438633438
32636534633065313461663765383637393964356336376333613230376334623730316561393436
32626237666465623766386234626639636538356561643063613233306339306363666438326463
63363662303334623734636434366565343665616461646265383361376466656130336536386339
34356161353337333464393166356339336166303438366366646366663532393134653934633435
35343133626531333139303461663932356264336266333465626637373530333637316266313062
36393135326336623864323430656665313763346534663465636232633465336131633637336139
39313062613138323938653835316163366438643733306539653763646364383831666463333264
66313064633763396332386161366661373663643435343935383865346235333231313832366162
30343839386561363761666530663633623866336339623639346235613432616162616138383139
65633966656465343438346362386338346437643963383333363036343064666333346664396136
61343539636663323462333037363336636462383163376335623534633664616663393066313163
31633263373662633734663732383331323238326565333565336161363365656230343734366137
37653766373532346566356562623366356434373032613433663664626230316566376536386663
33623764636261633730396331376536393739623139376363393537616239326261366131623866
36666534316334343664346230396461393366626335333431343338643535353131343965666538
62636438396336633338623739323431383163363161393761306465323938326438363337323934
63306535326330633064343533306337613435353937376133333933353830656263663632343039
61613234306538636233633466316131353735373435396634393139346534346331613233636564
31623839353364366434613931333436393563316230336336646265326330613664636361323264
37623031663832343362623266343238326636636635333461316132366163666638616165623336
38626532653331653864623761383030306130656439623734326237393136313664663436303264
34373430373564353166333838366566636664613066623436643262343535656461643931653061
33616438353938656134366535626434613766396135303364636466393632393234376234373036
64343039373931366664316239363861666137366636666639316336386137653365643139363861
65363836653763353835633333643635383730353430383364643164636338613762656237363830
35393734326434363165663031623266646537663362626637643365336132303631366361613834
35653363376464613738646464386438623938636465316162356631663261396665363964663761
32333362313932353561623230346232323662353439363739363536613964636530623735333565
30353262316162386538303866386363663736653161303662393663643463383537663664663333
36323765353935366535353330613364356463303338393639643865303033356533633666663861
64623761613566373261316363373166343836633139303933643137313836363438613266666263
34626431383464363763623761316361316239396233653766396430653662326465646138393461
38376163343531363462343639336230653365343164356231303161356135363535663639313838
61333934383930343337636433613462653835626530346632323334623739383935363739316566
30653032336335643661333565316636393037303361626339643662623332333039663930633833
39613864653430303562383636663366333635616133336431316366386566626338356638633735
37303432623565303762386231363032373938653863323731356438616338343161636233376466
39616564623563366563656262376661313837313061633636386135646366653161323536356439
65666331343862623761653764363439373333653539666562373835613933333264303437343639
38663039663037613438353432353539363064336531616465636438333561353032356430653432
36323566316137376538373634396333343130613966383866643664656565373136663030646165
33353330616565356665643339376434373130376634323530393037376361373530373962333739
33376535383331303236323332633935356135393237333833356132346365623937306539306230
35623536393636663935373665663137663964333139643233336161323134383366613431636537
34623562363866393365633332633438323034393261646336356633643130383435613737363266
64383336633136393036373263366338616266396331363435643165323437616336383065363631
64626565313861653961633231356139633836663132396164636634386131303263366332366662
35303564363236653832383061643663356333616165303936636664353232326236663237393165
61616633333135653032363537356335303664333436393839306366643130346539326532666430
32383437346239626361653430386631336664383735343435643435363365666230613231376637
37363166663138636665326536383933363438383263666135373430383339623565383762643165
37643736363633376134616461343735366665663231393436666435666261336132613166616664
39323533303634613133633133373236363832353865346262386632656339613466383663373635
65343034623936376133383933336435383862343839343939343562316361393233663061366432
39383434353037383566333539613436363562306537393034633233333037383435616335396165
36316138653531393935626366643562373832376362636633646137323938333862643137323664
64633333643966646639336165306161393136366632306562613561623435643332613336623230
30373839653031623463303834333933636634363833306661303035653236376364316634323832
30336638626162613362353364376661636336613038663933613063366135373438326130663034
32323334666434343631303934383334363833616363643461383664633162666636633932303262
30343334666636303162623961666261356634323061393332376261326331383230393537363763
65366365666239343336656162383639623734373265653565666138353134313663393533336333
31366263643036333130633966643432373564613966323665643939333339353439393137326330
37303736636237353338326434363637366630336337353336383365346332363738363064636363
62373736613230383939633636313361646564623732356334636236376362386534636137386537
64333665636238646634363265393431376438303464646630636333613032303031363236663263
31303631386466393435643737623131373436363662626239626439326363363834396234616136
64653434643065626536616231306135636232363962646337393066316138363836623166393664
62383563386338623765353439643131656362383635656132306361366438363839363066393463
32343035363266343539396234333866333662643232313930366563613337623635316431386162
35633038656334323230313632356635653237373834376362336534316335636264366536336634
34373765336466363464643730353936353164333161383437643130323063333232613661376130
31616138333938343934333133373930396233643133653862356532623864663437373737343632
38373537326238393630353732616561313439636234623634623635623233313861323834333162
65376264313132373539346164356464383666653833343538623736313135653433633561633531
38303336306361666262633564353166343930363032656235613039323262333239656266386466
64653834353263303565366563623463326630396338396639663530343137656665646235633563
35633334373734303136623065336235346162393139623235303465663637336465663638623733
31313932313133663765646430616330633431326166663936323166356163613333653062316431
37663938616462393433396235383765323865633164356236626264663338343635343164363738
37663064623466373266323561613930363837613232366136306466363231326462373339646235
64313335383963346262623136366564393836303538663063333131306235333630656666633333
62366265633230666231363363366464323834326634393962313065396136343366323731376133
36633837663566616335663861383339366664356665316535326435656139323236313066616435
62623461656439356537373934346365623365313637373562363236656631323764353061306231
65383462323963613361303433623462336265663334383733346531303465653631623163653039
34633739663363323437373864633136663536393331656136346237663961396638633934663632
34366431666332386161383166383633323463343464343334613936343763396161653639626564
37386439623466316136643339626233343530356132613136343666616261393437373132316366
34356337396564316436383338633661626564633735383334616438326466333831336534666531
30353034313466343833636265653939316463353066376564636362633537623333623134313232
31626363336130333634376532626664623832323339356563633439613234346165346531353937
32326234366239326265626530633731386436623061646534336631346166643336346531363032
31393035353838663761623465303562353938663735383164333036346432373763633632383264
35623737663838303533313166643436326437306263346662623837323939376465363935346362
32303238636436323735663930326632303161326235663531393632313266343132383562303166
61376130346635316262356561336463643139366537393036343733633833333133613730343362
35613763633038333232373237306262636661356233333539643839653837333566303765653764
61366465633264393437323231366235393833633739666631333836643964393433346131326332
39646163343063666436306239316637343438613561306261656237386566393635343862306466
35353461326666656335353865373334623230613762363232613835643864313539663434303663
39643232323763663931313664633837343937633866343335306163363035316637626261336534
36383665373663666432383535626131393030383863343639653366353238346263636134336631
65613665346465353865323134386336363633613266633232343430396161363639393839643661
38336261663539396130653737303632396433633462363434343635613636386463313136366337
61666138613630626336303637643166316361373231626436366235636430373534313066343766
34653361363663396334666532333332313161333030666530333363326335316565386235613065
31656537336539623439323465393031353164636565326261363831633866613336313731613461
62383634383033366333353437303930353330663939353133356532613730656235333237333038
36663932643766323436363733656666326261316539613639626330646565303764643765343761
35356533633130396336313434303338663966383739343433646430376634383730663365633435
61323436613138363966653366396433303039333136383932383365373734366438666431363634
38363664663262356164636632313266353837643433383364653438373137613533363766333835
38383837393666303537666332393861393130353431313437343439613735373039316337666465
65323664306534343762333561643734346635386433663237336537353932666130386161346237
61383239363637356564656531663336366566366431626137323436373132323334343439613438
32343737356465663161346661643030316637626361613339623839376632636134643932383435
38396466396462643763373732663236373232666331653062346636633736646439376163396564
62373762323364363061356238623233393732393539623037323439623238353339613266323030
35323931313738633063326138323437653066656132633663323033396135396538636239633732
31323234663738656165613264343530656561653065656632633237356437366338386639303434
65316131373530343036366663383537313432373330646663366436643161373465613764623632
62343365343261666431653637363433656638343566616330376265646332396465376332656165
35363766306564366532656563326132636265653933613465646337373834353538353035653166
64653662616534326330613335393731616335353637656566383363306132653462303438623531
63663334336561383833393131616638656533633161613166633361626639393235656164303366
31393731323939363038613535356266626164366562636630396663396432363666313762633138
64366234396332323333313431363463343766343565646538313663343134633263333139623766
31623630373339613435393035613336393633376339666334393032303438613364326663373033
64326464643233616364626231303231316332386136636661346561373363386131373531613763
64663737376237333136643036663136613330313335346531623665613065623837396166363630
66626232623733626166656238623931353662376462303666333563653662636263643436663334
38373533663933373764353533653530373137393835353732643565366432366434633133643565
37393862366661326630323563636564663730623235633534323566333365393239383934313361
37613361303130356630363563316664393839343262626434636263353431336462633465336634
66366439393331326364626463393961636661303261313263613133626630393834343039626234
35363634653263383963336336393034643037303132643334393061623732616534663138343637
33613937363532363532643266373631343363366566363034393933313538393036306465613562
61313538636565353838656633633130346436383438653636643761373435316539363931326636
64313966653832356265343834373261303238623134313262383264353531366364666131383539
65666361373332303636336534343464363538666161653636376134636232343766326637316235
61323532646130333962636566343839366431346334623732653030373135393034373835633833
35323635333939633261383037386634643133383835316666356665623533383962653834356362
39353337623633383731383761333538313038313832356531626239313634383235363563306533
31616366353134393662333731313064356339346635646461306431653264663633393361303931
37336365623135623835373933383334306531353864383533393962326661303661343636613133
66323966333535643635363034343766643961373031653934343764633435373963353732653065
34306538343234656264616231666662636261393838623861336238343930343365356134616636
61346537393836656638346465323963626334383438303162353762323463633764313833343933
61656665336565623530643436613537386137303266393135363266316335643364316432656333
36666233316238303430396534363164393635643736636136336332613561613265663133623562
62303561323339306236633336303633623737336563323662386161626133313238346665633338
30633539323064316231653236303236616138313362613363663065333533366633626332313165
64303830303739363438303463313663366662363266613161666466393430646633353666363766
37663334373538656566313231313930336233653238616633323261363262366665643137666164
36343435633731353161373063336136376265303562383639366533383139326438326365613763
36336261343635653461616539633535323135396239343531613935363234376638356437636638
37383837346333343338303266343932643064316362613531356361333639323664646632636633
66303731353733376631303363356137376538363038306564663438353761613766316534393164
33616430646133323435343738323464656534336630386433333339353834646539336563623239
34396134363335383235616238326438393433613766656334316664366531383238616166613163
36643962626439653239336130306135363233646537303932366163343233623331356462396163
64373032643132623765633431396662613739386565336335353031663664333538386536333439
39663039396365346436316336313735646633303537313034356239326232366637303066336437
37666633343838623633626136633961343638366564343130383639623937313636326464323863
30333931633432656331326234316364346432383231323764616538356236633163346536346333
65313461636132373766376436656133646537333861663636323862653439666665366438383461
35353039313934383938376564623038316530363265356235356563613666613661326534353136
64343836323463346264626361613336313561356362343333323463306130346462323830393534
30643161643437323163346562393835666434373666656164646563616339663238306339633062
39306465303239653837623930666662363438363732666631386562383733636530396235383834
64663765616532366134356365336534383139663263663438616536653663373231663330643235
32316632313066633566306139646363646561356439333839313630633136323763616533633466
61383464643239346133626230636265326663653832306239336462363039646666386538653631
37653233383132653635356265663862666639393038316637663361636662376164363637663635
66336338323934666266376636663961343263383161323738383730666562363935653937383738
34323963613135363132646536646362623237386638373932313562346337653963363431373930
39333762393765663432633665376332616466626530356531396637396263616237303366303863
30346565363430363664353737336433376539613963623539623563653532316536633661326239
64613633393832353862386331646135383162306564353736633863613539363865313364353933
37306664343136356531323831656464353531323831376532353161363563623432346663373438
61633435623633376430323562333264323863626131653166613765313064613265313264636664
61313262623430616165356561646334633639623131633532396331633233636665376136623133
39616432393331396434396535336635356634663035353534393061636632666635396338383465
61663362323838373732333063393733343764613263633830383865366335646531386631306264
66373931656338613262323933366366383834323031326364356664346635623731386230363531
33366466663031646263663931666666646535623835633533353239636434666361353839636632
38373238636331376135636466323638623536336634393036616639646663643132623533633565
62646235373635373231613133316435626635333332366231353063363834643064306433383232
34383939316264663662333863393435636365386566646138323935313164633434383336303537
61346231393230626438613563613730616230613635646166626364363730346137656536323332
65333933343437303132353638626562323265653739646462666662393363383032373338373764
3366
