$ANSIBLE_VAULT;1.1;AES256
30636335623930363435613666336230656362313866623631376231643937373731633639396535
3264653735383233306433326532646638393064393861360a323861306330656562666232633334
39373465623438383362653637313030373662386236666434613738646265616230373131393034
6137373864623731340a396132393837623838393861643438376334376466636231663235366461
31313564393136326134343135623535623833303233303862383736313761643132623935366564
39303364383161336666333537306337393536613034666133373064373635366361303262376566
62343831373235376339333561636639613630643061303264663763373066346331343736323936
30346137306330623732643330616631333935313435376165343630376138383064663730323266
63666533613961633634303766313436656135643032386339393035303536643238336533373562
33396233396362633861626233333163396234626362313061626532313665313661316633376137
306338333738653865363963633062356631
