$ANSIBLE_VAULT;1.1;AES256
63333865326465626236663366363963616662646432653435346461653031643139386231653565
6136346562653739376233653436323235633833306632650a356461306232363161663861306662
35373161386138393932386436303534633161633030663864383931653164363138363236626439
3937353636653561370a663462313962363030343762366235333063356238656565353163376239
64626136616538373836633339323062623666613563373931623165303865653130653531303033
39656330326462623533383162323435343062376335356633326135313366373938323364623330
62396633633366393937353265653032646265396437633466303865636664393331303261623366
39323564653530356437356334306661636131613563626133393964373139643832613863396262
64343166656232663734383735356538396463386565313265326336393737663539343737663834
39393633323763333861623734343365363666343166333832656235336235666332663264333638
35653030336430306334666165333738346136646166656564343932383034316630346665336330
39633936626434663064353038313236653334613339323061653036306135373431353535366262
35626264323237613538613766656361303239643731643465393336346666663438
