$ANSIBLE_VAULT;1.1;AES256
64616139663061346661396332303462313031303336323735613233376263373465613034646263
6465303833626539343339323731656564383564383334390a333732623232323862616165663266
35333135313333336435396266633065316531376231633730366163363335646330663034313237
3635373162656439380a616238386233333264616137323265336438343937613766646536326435
39353933333834636164313031393161626162363531633465646433323335306436386133333432
36313965613932313962373339666561376265326434336431393166303035613137383134396636
38386431396337333939383263616439633164336538323963643234303139666562663962336339
34323233343031656336313664393537323266326362353362393933626430623933336534323064
30333430383634333036303035646164366435376434333239333237363866323962323763313564
61316439653364386263373630663265393634613763373230303039653731643264303861616465
64393230303861663336313130656236323237613466633235393061386466626130316331303863
31323364313239616633333339386630333537386631346565613335663365323835333330333166
3462
