$ANSIBLE_VAULT;1.1;AES256
30613632366630636430303566653131363437653262646261663564393639633035613964623362
3632356463363633643234633336353136616364306530380a313338376330333863363534363335
32653637663363313465663563336661616530363632336466366566313831313231336466313637
3765626264326530320a396532313164353064363938613462376437393366333132373135623638
37323761336530363031643263326263623739656664663436643132626265393638356134333432
32373364376564313033336431353463313339393431396565373936393566353734303866363161
39373234346464656462643166303336346136376633623365396266376161623931323530383032
31383832376234333766326639646135396131653463336262616239323666313133326266393961
36383166393165313363306634316663396236353863343035643861303930643836633035643631
33373638303435386566663535373865373937323631666636626530623330353463333963666266
623762323665636631373132356638313739
