$ANSIBLE_VAULT;1.1;AES256
36626332353633666136363764376164663134306133666431316461396535633266353463626363
3238656335343964633635643263626134656362646464620a323735623061353239333362373561
37373533343836626637663831326130383432643139626537393831383163336137363639393262
3131336130346230360a643333343539356334626163663665323338303030636436666661353462
35656236323737313130656163616630303936613661356164313533633434633965363563653163
63623533626237666361383665653430393430656135643032343563623239343636363732613963
32636361353866343133386538333036663239376336663838363837313635616630333336613331
36376531356661386335633536633964326665326163343264343339323335306162356534303938
61306566363930393661643338663337306531333535666337313062346364646135393732366239
34613665343935333233623165316338613365303231313664366235393837323065346236326565
64636563343939306536663537636231366438393032363239396239613430653665356130376565
34616134626435393764356433366566326266623064356339633364656230386139333962626534
37633033633438306134653162376532383161323235396439303935353335303665
