$ANSIBLE_VAULT;1.1;AES256
37643935656532396362336361356231396461313331383537653830336238636433356336376431
3830353836313261366338656135316364613264396464320a613566373838366438303666656331
35306565633264363665646131663064326232343963326536366239346563313631333266363062
3236643134323063640a363335636135663232343863396136363261633333313165386663633038
36353064393230393538323262376466316636336331653430333561363137653532316239626131
63663830303033636434313563383137613830393466646265616566353836626338636436363432
64383762643131336331643630306563373732636464306464623661643437613861383865353961
33356536346134363639373662383530363037343133303230623661393833313838653130326363
62643034626239303439306134333064633564643666393635386562343164613739376230633830
34643866326237386564316133363364346437663566623831333237323234373765376638396161
39313634646265636433313966356265306561316533383065383162356233373663373539383636
32363939303833613236613265303732663365396261383966646565306639396438643735313761
31316537656562366166613765353937633462623239363334386334616464333362
