$ANSIBLE_VAULT;1.1;AES256
31376431306138326637373966323166366432666536336534366563636363373263613731643961
3062316435626464356531613032666633613434303435630a623238653963303538313661343761
36636663613262353434653334353464383239303630316236313031656537343636353466646530
6362396336626566620a396462623565363366333264643665393934346138663038633737346462
38643835613830656633333663613934333534663662326666323737323331316331303538353938
63636461373764336362363539306266373466663135303930326264323531613931613937653132
64633865663931363233356232366433663336313431613966383932333038336638633630333439
31393839666337643664313231363662623037613365656330323865323065613933663233326637
65666433323033373239346561356137366635356231613663623362616463326230326165623539
35393865363861626331366661366637316430366633396465336363633063366536646362393264
63633238336134336430326538323430396661653733393335336336646365313333393033393063
61613332663138316263313735333362343234626538613935623632633339643963616535643632
66666432646362613461393563643338356262333234383032616131653031346162
