$ANSIBLE_VAULT;1.1;AES256
37313037333334313564393738353063336664626633393234396331636635656234323236633864
3061383630376335656535383265633135643462636463330a303930303963613432356337313639
32643435376339373862306238313836626635323862663464353432303635653137316263616431
3730316638303034340a316666383532323735623339646635386434323638376638366538386530
65366666313661623031396565633062353833393831323038386464333864396335333336643765
38393564366664623233643534623764383935346137383034663333373962356466323733323439
39393633373836346338313139333766326536623965363432356365393233313565376230303633
64373531613637643034386539303431346462373537303337396663303636663462316138613762
63326330323132653731303964626433646366366137396663333836623734623263303933326238
30303762393166313063366461396162306535373537343861643561646339323134303366643032
62323336636430353030383161383866373338333161306264663432666261383637663930623239
32646334383639396138343265623765646163643931356439376137646366396134396135383832
61306263396462623037303366626234306535626136343334643931306464656562
